Indices.

Α, Numeri comparantur Schepersiani (editionis a. 1901]

10 11113
11 11114
12 11115
13 11116
14 11111
15 11118
16 11119
11 11120
18 11121
19 11122
20 11123

et vulgares.

Schep. vulg.
1121 11124
22 11125
23 11126
24 11121
25 11128
26 11129
27 11130
28 11131
29 11113
30 11132
31 11133
32 11134
33 11135
34 11136
35 11131
36 11138
31 11139
38 11140
39 11141
111 1 111 4
. 2 111 5
3 111 6
4 111 1
1 111 8
6 11142

1 11143 -

8 11144
9 11145
10 11146
11 11141
12 11141
13 11149
14 11150
15 11151
16 11152
11 11153
18 11154
19 11155
20 11156
21 11151
22 11158
23 11159

Sehep. Vulg.
111 24 111 60

ἓξ

25 11161
26 11162
21 11163
28 11164
29 11165
30 11166
31 11161
32 Π168
33 11169
34 11110
35 11111

ι-ιι-ιο-ιυ-ιμ-ιυ-ιμ-ιυ-ιμ-ιι-ιν-ευ-σ-η
..Ὁ
μ

Ξέἓῒὲἓέἓέἓὲἒῗθὲἓ

1:23:
t—tb—tb—
ἐἓὲεςε

 

